7000
6000
4000
5522
3575
6426
1445
3772
4081
3447
2629
3497
4202
2775
3325
1982
4784
4417
5156
2932
5902
5728
1537
857
1739
918
211
4679
4506
6340
4568
5868
2016
5940
263
5593
5449
3991
5310
4355
6068
3431
4580
3757
3218
1934
4328
3676
5221
2080
6922
545
6511
1067
6467
6674
3691
3504
4835
2034
1965
2980
6221
2895
1501
1152
6325
4731
2302
6153
5896
3022
3489
6399
3607
3466
2432
3502
5968
5333
3475
4792
4084
6010
694
6328
3354
5712
2409
6480
4643
3121
3951
3492
4420
3197
4607
1925
6167
717
4438
6200
6986
2104
2483
2620
6806
4881
858
559
5553
5502
6554
2962
1325
2435
1279
3464
3327
549
3832
3595
5200
3720
5658
3639
5992
5130
6989
4958
5581
1600
3473
4929
1775
3581
4770
4455
5718
628
3807
2335
6898
2552
5530
5811
6569
2148
6384
5954
4913
114
315
4686
2334
4382
392
2326
2008
6553
962
5957
3850
2231
61
5185
1588
6305
2564
1890
1052
1747
3943
6740
6593
5469
5370
4516
443
1007
4525
2299
3412
6163
2699
5571
976
1455
4217
1590
343
4427
3220
5342
4584
1239
2496
875
2601
3258
6449
2377
3040
3428
3238
517
2653
433
3768
957
2307
6456
3878
3977
2368
999
6882
541
826
6764
1269
2401
5098
2698
2763
5515
5413
495
2523
1206
1357
2904
4310
4410
6844
1611
3484
3410
5262
394
5949
1107
5546
3737
4987
2979
4306
685
2291
1542
542
3134
3094
6751
5089
3898
729
5212
3964
4297
1823
720
1297
6280
1917
5338
6176
5183
6965
4740
1541
4555
4003
3316
3256
13
2974
6931
3024
5609
4176
1304
2151
5199
5876
825
893
1939
1737
5374
2323
5846
4819
3154
6157
814
1343
1886
1100
3856
3709
6879
6479
6461
5014
4123
5744
400
2094
6447
3020
4152
4963
4674
5829
1984
5930
6322
665
4646
4385
191
3353
2605
5110
1453
3356
6243
6854
297
4075
1831
1974
2837
3695
4845
1154
673
2306
6865
3524
952
6231
1329
353
6331
5692
5027
1413
2438
5063
3858
358
5266
2801
6095
2374
807
4051
6868
478
3809
3304
7
308
6992
2499
1650
706
399
6822
698
1015
381
6267
4282
2237
4119
2111
926
4444
4788
4826
944
2702
6888
4944
1655
6521
489
5946
4131
1616
445
2654
1434
1522
4850
1683
4542
226
3741
1486
4101
2661
1532
1961
4903
1276
758
1772
766
1259
224
836
4741
3054
4018
4325
2395
6949
3925
5056
5850
6378
4711
4083
5184
6790
3559
2945
6345
2268
4322
6501
6555
4772
1785
5675
2312
6665
321
4920
4696
4857
6149
5948
4807
6535
5591
1284
82
1268
841
6939
3593
2717
2003
334
4768
6471
1121
3083
3103
1366
149
3732
5776
488
6238
64
6736
2773
3070
1122
6274
2632
3560
2455
1748
2880
5061
889
6954
320
34
2733
3345
3090
3640
4212
135
2211
2037
4483
4144
3668
4778
1256
127
4398
1808
1758
2566
591
371
2076
6805
2964
279
4309
4441
329
1125
5429
5661
6241
4166
4870
5394
314
6513
6901
1687
5614
5965
3222
3122
2748
2234
311
3997
193
4838
6172
4006
6803
6711
1547
1136
3442
5343
431
1420
2923
3843
4239
1314
3903
5901
5622
4535
2777
6275
177
2404
3261
5972
93
3747
6562
5237
3698
3271
2836
5504
5101
1743
4433
2897
1277
3645
6487
2324
2246
6889
2524
5243
6258
6961
4389
2581
4789
2619
6688
5477
5899
5025
2913
2920
5179
3065
697
1727
6051
2706
500
4471
68
4652
1266
4052
1000
319
3411
5456
3626
115
3764
1380
6517
6757
5679
1526
4990
5967
604
2475
5416
5249
4406
199
6557
3954
1355
4991
4539
505
5637
3254
1066
3736
6428
3107
5932
5332
2786
1766
2868
3159
6418
5768
968
6710
4905
4965
4269
6475
6460
3802
5638
806
2002
6159
5222
4423
5326
3906
1419
5505
721
3875
6615
1755
3674
458
4246
3111
6997
3788
5483
5964
485
4930
4577
5583
4228
6657
5135
4671
4685
151
4195
338
4581
4546
6903
801
6433
5359
5986
6193
4147
4927
2528
747
323
1294
4798
3399
6654
4649
2020
2714
688
5088
5735
1464
3417
2685
5565
1781
166
2216
2885
3131
2258
2437
528
5337
376
5454
6143
1580
6618
6256
3049
322
4378
4413
4056
3016
2636
5149
6828
6254
5741
3767
1164
6638
1966
3669
4270
2646
6542
1368
4925
6235
5151
2274
4350
1361
4473
3106
782
1952
2142
4035
1337
460
1059
5049
709
5995
6847
6974
3381
6226
5224
1809
5943
4527
5610
1495
4298
5655
2567
6698
3790
5778
1995
3908
6016
1300
5633
6312
6582
853
97
1881
1620
5427
2925
5240
50
3178
3133
3739
2319
1533
3388
4299
3558
6720
6122
2861
2766
2922
4601
3377
6144
3882
4966
4046
6009
2149
696
4327
6585
6413
4859
5139
2591
2970
3860
834
911
4876
145
1677
4214
2545
3743
1879
6937
1940
5782
531
4495
6817
5994
4865
6590
4886
1504
2172
4493
2221
132
6060
2623
4982
1181
3064
2736
365
5371
3894
1458
1175
6956
6310
254
4429
3274
995
1816
4126
2883
364
1352
5715
140
3335
1180
362
3874
4345
4612
6045
1607
4654
1520
5807
2703
613
552
1263
2351
4291
2725
3774
643
5181
6342
719
2130
4629
5953
1803
2001
2040
1643
6338
4773
4906
4889
778
4931
6678
2919
5952
1656
547
5261
6434
2951
2318
4430
4391
1993
6823
6503
346
3854
4661
6031
4989
5851
5228
3263
412
1499
2178
436
4672
1571
1795
3549
3554
4967
2215
1289
1019
4141
1583
6969
5119
2015
2281
5835
518
6781
5616
5865
1920
4545
3783
1490
5214
2285
4943
5307
6164
3976
6933
2047
6812
6978
1714
5422
1797
5536
1565
5466
936
3026
6359
6181
4182
144
589
4994
232
3794
4333
1719
3246
3062
4019
1147
3291
2397
6862
2617
611
5973
5064
4498
5873
1407
1640
4908
1302
3296
5789
1980
5717
2388
2613
1531
4544
3864
2325
3952
2660
3550
3184
6056
2664
5352
4520
5443
4112
3373
1448
3793
6443
2878
2822
953
2960
4700
2926
54
1884
220
2614
6830
982
1349
1447
5396
1834
3766
215
6743
6645
2856
5377
2353
3713
3343
592
3967
5537
1264
5562
18
774
6268
1293
1557
2607
1645
3173
3375
4210
3923
5635
3637
1762
430
3088
5423
2574
2721
1387
780
2673
1356
6727
4569
5405
6386
472
6179
3649
4120
2841
6670
6800
1699
6457
3723
933
408
6138
5539
5065
1031
6785
3124
5360
2694
6915
1672
840
4257
6419
879
154
6377
6518
5599
2863
6635
6717
3348
4707
6039
6526
4706
396
4597
5600
4614
1562
3239
1688
4736
2894
4938
3749
4149
1118
5959
4822
1127
3677
6486
152
4785
5659
4263
2114
261
3286
837
1680
6737
4004
656
6247
2344
2742
972
2728
5107
6589
3885
2697
1286
2403
5998
5935
1597
53
3725
2305
5526
1686
4151
5785
1548
3600
4548
3651
917
410
1977
351
1787
5620
2535
3166
4266
6376
3199
2082
4235
1428
4281
4110
958
2126
3095
6689
3849
772
6655
3871
2986
2331
6344
3731
2296
3719
4895
5007
757
2376
5549
5312
250
5769
998
2445
3461
2737
5798
5532
4436
1296
4179
5528
5236
5138
6380
5259
2505
3085
5897
6918
1161
1663
4627
3800
3113
5438
1867
1023
4404
4664
1224
4010
2647
5256
3921
5864
1892
6905
6666
4759
4645
6887
4996
4702
1647
2372
4747
3543
4023
759
4271
1306
1888
1301
3579
2498
1313
4277
5747
3002
3971
5015
3811
4986
599
3214
4717
4058
3902
2030
1158
38
4659
6661
6873
5024
2612
6337
4681
5623
5730
2253
3104
1359
2161
3978
3194
1897
5573
2961
6494
2112
6371
3172
882
3289
6763
2031
3855
4364
91
4397
2582
6913
3200
2284
1784
5439
3357
6995
6850
3823
2805
1732
1390
1826
950
3576
2174
5485
46
3157
6375
223
5693
3696
83
3099
938
2778
2723
3141
3319
1649
1651
78
2652
331
6930
4294
6299
1117
2751
2456
3791
5036
4464
4558
3078
6533
477
3096
2460
6458
2293
1780
3889
5956
4523
4877
5544
80
4273
907
5097
6548
6323
1423
5587
4375
2519
6507
922
1794
6189
2796
6405
1853
246
6616
3051
2500
4790
5523
3408
4339
6885
3110
1008
4526
4902
6594
2264
5070
3537
4174
2364
4
653
155
3005
1629
4331
4204
5434
3761
484
1707
6581
2363
5644
6069
1638
4866
4995
1398
2251
6783
919
3988
2829
872
2547
835
4499
5630
4734
2810
427
689
5316
143
4172
6064
3031
4633
2984
1128
2536
2473
2476
5402
4947
4743
700
754
6436
1138
2360
6442
2273
491
6863
4721
494
6495
5462
6081
117
5734
6656
4435
6735
1063
1449
7000
1576
525
5828
1032
2071
3151
3780
6639
1960
3920
85
252
3742
3496
2787
1828
5040
6053
582
6283
4762
583
2045
1833
6465
65
1864
987
4243
5849
1589
271
1350
6810
446
3717
2592
2859
3462
207
5315
515
5629
1975
2931
5150
5009
6135
6430
5498
6318
1653
4199
1899
2888
5067
6604
6549
4515
650
2430
2434
5521
6617
6552
2892
4040
4237
3472
4782
2359
1847
3160
6477
16
3174
6488
1145
563
2081
112
4387
6960
3383
1979
2029
897
571
1621
2627
3531
5397
5011
606
4280
4146
901
4211
1097
2197
562
2542
2553
6664
1194
2981
2042
4940
6013
923
5175
6795
4346
2124
1664
6464
4538
6516
6111
3957
4357
1508
275
1226
4226
6690
3631
397
5843
1774
1248
5002
5950
4575
2910
6282
4301
5535
2608
6333
3223
3851
6758
6047
96
6381
6682
671
3792
932
5518
2529
598
1369
3491
713
2328
1
6023
5686
2716
2041
4386
5365
2361
5974
6545
403
4124
5960
4723
6777
6076
6633
4917
3367
6652
340
6379
2010
584
1959
4847
4344
1605
3683
248
295
4236
3206
6314
3996
2053
5430
5482
2710
4041
2488
3332
1450
4312
939
6599
5055
4117
5886
4733
595
1472
345
690
743
2973
3939
6289
6975
5362
2289
5488
2429
6591
2731
5238
4012
6496
1120
6372
6525
6902
4851
2187
3750
4220
428
4898
5302
1657
5815
2352
4941
1635
6225
4841
674
6084
5058
5022
567
5750
4030
104
126
420
3613
4009
5131
3204
849
798
3100
5783
5079
5244
1074
4167
284
4783
1521
1443
6218
4622
3515
573
6120
3912
5481
5511
5410
2771
1749
3313
1240
3516
6444
4928
6234
2998
503
6753
6550
2637
6877
5484
441
3249
5226
2537
866
6315
5323
1634
6212
6641
3546
1793
26
6025
4636
2948
6466
2966
701
4667
6276
6705
3253
3935
5201
4078
2540
5447
5888
6332
5891
5292
5069
3769
6141
4482
4368
5615
6415
4692
2514
1209
979
4630
1937
1602
2073
1159
4802
5677
3830
3294
3963
3821
5080
3899
4543
178
4758
4377
3281
641
5294
2468
62
5762
984
6459
725
3881
4449
2120
5740
110
384
2988
1563
5857
1247
891
2390
5095
3521
6236
36
6036
2789
6971
3322
566
6173
5288
6205
3230
3609
4812
1894
4529
550
141
5169
3311
3636
6626
1813
4594
4007
6113
4392
1854
214
2490
5078
6570
1393
1776
4016
4638
2436
3862
520
1971
5656
2427
4448
4314
804
3547
6414
2994
5242
1103
749
4451
5141
3401
1160
3580
3633
2447
1139
2732
3804
4718
4411
3763
2515
103
4434
2689
1943
830
192
881
5325
5247
4756
5710
2044
6760
6982
1281
3589
2942
3740
5657
6778
3949
2088
4224
27
1038
3290
4657
2744
3744
5648
4125
3029
3733
4563
2354
1370
2000
1578
3067
4626
1661
507
4687
5401
2795
3236
3873
4901
751
5550
973
185
1394
5525
1574
3487
2069
5031
1669
3752
6890
6202
6825
3835
128
1432
4843
6091
6527
1802
2382
1483
975
3910
4155
6073
4445
1729
2012
6683
557
1722
5263
4177
6052
3292
469
4528
548
6264
4015
5626
3430
2561
2906
3180
3216
6925
5321
1113
2309
1345
4161
831
5838
3403
1711
612
2993
3901
2181
4547
3321
5858
6130
3449
4880
6561
5254
2061
4830
3970
2159
704
1543
3826
4536
6807
266
1354
5108
475
1077
2903
6140
980
4634
4873
3170
4092
3270
755
1461
1553
2577
4933
3251
3386
1326
5702
6831
1338
5255
5030
3765
2628
5113
6637
102
2385
5220
4183
1967
5005
2870
5471
2557
5569
6952
4060
6702
6546
5436
3158
1927
3186
5091
533
5273
2640
2693
1673
2531
2371
1166
1108
2117
6250
4337
877
2026
6586
56
691
3551
6293
605
2024
3425
4919
2659
1811
3612
5908
4641
6734
1579
5432
4317
1985
2200
6556
3374
5339
600
6509
3884
1275
3535
267
4660
4207
3224
4221
2466
5963
4552
1479
4837
1462
2808
4130
4576
3413
5305
6932
2260
1829
134
159
3528
5345
1482
1373
5826
421
1916
946
6926
1619
2332
714
6899
5331
647
6980
5529
72
1667
764
509
1880
1088
3933
2127
1375
3771
3378
5564
2576
5713
3563
6891
4440
5306
2087
4775
4203
929
372
6691
963
845
956
4962
6061
4000
418
5194
1220
603
2009
2645
2205
662
4065
992
4915
5257
5970
5722
3015
1913
4640
6846
2481
2464
1080
2358
2019
1827
5929
1586
4373
5809
6860
1034
868
2541
6287
4426
2940
1761
5008
2891
5874
6563
6833
2365
781
560
6389
3188
5991
3310
3690
3455
852
173
369
5364
2049
6272
5792
2495
6054
1570
100
6904
793
4985
404
1384
6304
105
1318
4869
1513
785
161
5666
1768
1146
6165
660
6770
4196
1163
2872
4849
6845
2783
1085
3817
2927
1319
6870
5354
622
1056
5090
2072
5904
5399
378
1258
1124
6598
2
2918
4816
2546
5527
2343
961
3415
3653
3975
2793
4934
4708
5094
940
5204
2093
6139
724
5534
1708
5409
296
883
122
1577
3932
5805
6393
6105
5612
136
4187
4050
2225
625
2713
3922
581
6438
3734
4160
6796
3308
6813
3891
1272
6416
1921
2444
2036
948
3588
1076
3842
921
3177
2538
1153
1201
6646
4562
803
6050
187
5048
6018
4340
5136
5574
1746
2655
5699
3483
459
6169
2972
74
4680
6523
4912
3458
6297
1424
623
997
6532
1527
3861
1188
3762
5355
3960
5794
5346
6257
5993
6947
5472
6771
2739
3887
6566
434
2207
6324
6472
3217
4900
6251
3470
2695
5814
4127
6213
5989
273
789
20
2004
3839
2052
1819
2916
6944
3630
4446
652
2054
6946
5347
2018
6116
5531
108
3267
1516
6772
3995
6058
1970
6752
6046
5215
2502
444
5797
5643
2249
3366
6923
5303
865
6279
467
1830
880
703
3585
3213
3808
2079
4487
60
4285
2462
4796
4358
810
6192
6809
5597
4887
3135
5799
6614
5440
5848
6981
356
447
1353
2626
3647
5646
2886
2873
3490
1131
6619
5016
2115
4878
3694
1908
1503
3865
200
2832
3328
805
3914
1820
1786
4668
4356
1235
3948
6154
5951
1832
305
3329
6539
6368
2176
6174
1333
4082
6529
3938
2155
5607
6128
5625
991
1379
6596
5376
5395
3784
197
1320
3363
3746
5723
6938
3307
1410
5984
3684
863
180
5732
4192
5652
5786
218
4896
75
1935
788
5852
289
464
741
413
3603
3961
1855
3565
1904
1694
6339
4578
5398
941
4864
2854
3210
5823
5137
6660
3076
3718
580
233
5450
6957
4937
5853
5962
3264
2764
4070
1506
3980
2772
2261
3272
935
1730
4039
1489
130
1287
5683
330
2303
3283
5819
1402
3663
4158
1382
3799
3529
4085
6985
2248
1116
516
1636
6500
5830
5604
5032
2247
4264
374
5767
3394
5606
2454
3728
4216
5433
1870
3362
6184
5367
213
1723
2755
6775
5192
33
5093
6886
4540
4872
4171
6198
2379
2687
2656
6395
4530
6774
1852
6780
3827
5759
3063
1740
3859
3715
1648
4227
768
1556
1601
6719
2276
1773
6420
6924
229
496
1731
3700
2489
5127
5218
4129
5921
3557
6151
3617
779
2767
5250
5877
3699
1752
1915
2611
4998
1754
4222
1496
3893
6840
1871
4968
5884
316
620
6791
586
3837
6362
6725
5844
5290
4477
1567
1733
3433
2804
5066
5784
2908
2950
5375
895
4952
1893
6090
3770
6450
437
2153
5197
2833
6057
5075
1243
6152
2701
4173
3625
6703
1082
2162
2396
2341
4833
4191
172
6962
6943
6271
4113
3869
2188
1219
1623
1726
6004
2563
2638
2380
6920
4559
2683
1280
1519
556
2110
2817
3829
2879
1129
5845
6811
5
4564
3437
1473
1951
6062
6642
6987
2288
6853
4395
6967
3644
2987
2816
3822
6560
4154
6701
4432
5578
4162
5893
670
6708
3193
5839
2672
4923
2230
454
587
3571
1710
1126
2301
4532
1267
5757
3369
6787
208
1700
6404
6697
42
6402
5934
6808
3414
256
1850
3814
6421
910
6429
1926
817
2118
2565
1716
915
2180
2336
4899
4596
6098
6631
5182
5685
609
2472
4579
5663
3405
5491
5170
655
2202
4275
6849
4439
2497
1251
3779
4591
6714
4619
5664
3047
3421
336
129
3265
4480
6240
6452
1969
1442
1238
1234
2077
4879
4972
3203
302
2133
3247
809
6171
411
2569
3112
299
483
243
4399
6884
3120
1265
6945
5672
537
538
3069
4631
1646
1068
3818
5912
3042
5446
5087
2090
4632
640
1009
1130
1250
2609
5500
3301
90
3339
4665
4779
6199
2386
222
4249
6843
978
5253
6168
4425
2055
6427
77
3597
1170
1260
1084
2116
3445
2847
146
1497
618
6686
1307
2431
4302
3900
4467
4185
5697
236
5894
4105
574
2105
4635
3570
3848
1712
4431
4252
5775
4534
1225
5211
6320
1856
4904
1591
1956
5682
3241
5721
4942
3456
2345
4604
5418
6768
3309
270
6201
5159
3825
3973
615
2405
5381
5196
4761
190
2214
894
5641
227
4570
675
5508
5513
576
5880
4284
1792
2415
5353
6602
4401
2275
4932
354
2522
3041
1409
4418
1341
6766
401
4029
2587
4694
3942
6055
2487
3360
1467
1336
3789
4571
5163
1365
6317
1112
4289
6530
4753
6110
6411
4366
3380
6673
3552
4793
2549
3642
4063
4316
3163
1480
4469
5424
4486
1273
1465
5298
6524
312
5837
221
5129
718
5177
5271
4950
5928
6662
1001
4049
3610
6647
6187
301
1062
2865
2192
4797
4810
4603
3330
4689
3782
2122
4615
4675
638
669
405
6269
1210
753
3010
6610
6950
4512
4742
6628
856
2639
5871
393
2761
2278
3450
4497
3116
4574
2679
1200
1637
366
3591
1942
6983
1231
2815
4338
2990
2779
4259
5560
1157
2250
2585
6733
3232
578
828
3584
5551
2271
1232
4342
4077
4107
6881
5499
4094
2965
5545
2901
2944
6976
5245
2338
3614
3346
5265
493
5927
3618
4911
847
738
5875
5764
2101
1016
4064
5662
5933
2507
3501
5822
6784
4091
5420
1873
2238
5911
4746
6624
360
424
471
1241
3424
5977
4724
715
1812
5634
3003
2179
357
277
4262
6588
4232
5408
993
5524
2741
1599
645
6640
1315
3138
1392
815
5206
4505
2589
2035
2193
1148
732
1104
1814
5232
4424
2314
156
5987
3680
4981
3201
5018
3395
6407
6648
965
5651
1805
2022
4093
3972
1431
2078
712
4055
783
760
6837
1862
3115
502
5205
870
4593
1698
324
1769
2266
6355
5555
5387
1033
391
6123
2378
2074
4197
3525
5363
6209
1660
827
241
2618
2084
6435
276
6859
2933
3892
2340
5689
5519
5923
1618
4442
762
5442
4461
32
4233
5143
1554
735
5613
5720
3147
3055
6439
3195
4760
4853
5004
1255
5603
333
838
283
383
5334
3778
5824
1048
5601
3102
3522
4611
942
5286
6826
5494
2100
6824
1298
2512
6033
4045
3913
3801
5480
1799
4279
5071
5320
6935
2369
3152
439
5748
5407
6124
5285
1997
1735
702
4956
1071
48
1061
6261
6217
1476
6476
5742
158
4265
6370
1339
2402
1236
2310
6855
6364
2232
6086
4697
2722
287
4974
5010
5942
3751
1309
4136
2743
1552
5252
6000
2643
5166
4554
5313
6042
2313
6520
2586
4320
2857
5392
3656
4809
1047
3211
1898
4121
2440
2798
693
4133
514
3886
1441
4799
6622
672
532
1086
306
5012
5207
851
1633
165
3098
1332
3672
4032
2315
2196
5043
626
416
5021
5028
6306
4726
2145
1702
5349
947
2164
3781
850
5246
1851
3526
3397
1923
2715
3013
3148
812
1560
6220
6990
6390
6834
5372
2757
1512
1540
2568
6968
2311
2046
6858
288
1801
2874
2788
1865
3506
2952
2056
3587
797
2738
3269
4323
2534
1691
4510
3077
1362
2588
5913
1134
602
2212
6334
3704
6929
5680
2963
3108
6821
4592
4765
6367
2754
904
2840
2559
4104
1246
823
6644
6277
1573
318
5926
4729
4315
1178
733
5164
1173
1311
225
6792
6630
6574
2349
4533
3129
2419
1837
6876
6285
6564
6118
535
4551
2449
4507
6485
5820
4251
2141
4116
4805
3498
790
111
6731
2143
6440
2190
4975
565
5350
6401
1954
6313
3300
4757
6534
1328
1228
4786
5836
3632
44
347
6499
4394
2831
3175
2939
1666
4897
1706
3888
2005
601
4168
3370
1493
6035
6108
4836
3392
4153
6797
6747
6478
6671
2243
367
3538
902
949
1745
5230
1866
4097
1388
4286
3153
2644
5755
1846
5596
4240
2099
5341
4062
3650
3937
2835
2064
5208
4840
3820
2226
370
1182
1603
1670
5568
2905
2235
3164
668
777
14
2062
278
2521
22
821
6576
2977
876
2900
2136
6019
6027
2458
3982
4122
663
3000
5475
5057
5552
1463
3441
5328
3282
6993
2669
4416
2862
49
4808
468
4892
867
1644
3919
183
5945
4453
4720
2152
1196
5906
1429
2283
3883
3958
2057
1883
5617
1610
6096
6578
5496
3810
4725
5162
2890
4109
5174
1642
2956
3966
4238
558
4190
5299
4829
335
3866
3582
2025
3436
2678
4278
5431
6892
3231
2424
635
2511
4502
5774
3144
2113
6284
1725
5123
2820
1092
4977
4813
2680
2593
386
2146
4682
5391
2451
5981
3729
4973
4351
1386
4206
3419
3755
2282
31
5765
455
3331
325
1581
2184
3275
1931
3711
3706
5468
744
6182
5309
692
5001
1069
6878
2665
6587
3753
1440
3564
1035
1317
5047
6291
2989
4186
1989
5062
3679
1582
6668
5882
1703
4305
272
1459
617
2167
3234
5132
480
2259
4839
2845
5219
1342
497
546
415
1575
4814
1938
15
590
6531
6680
63
6006
268
3605
3735
4443
3351
2930
3836
1340
4590
1555
4372
5749
3260
5086
1615
6133
69
5516
1055
4648
5681
1550
2408
3320
1111
2551
5925
6400
3303
1525
5470
1734
2298
3984
4090
6489
6079
4549
1909
2580
101
2934
5936
5435
3819
3284
6040
5464
3349
5251
6049
6156
3021
4106
4017
6134
4623
6150
4157
1156
6104
23
6567
1199
3127
3596
3760
5922
3989
4031
6394
442
5966
3917
3486
269
5969
3846
4268
169
5743
4961
4481
5900
2982
6694
5766
1274
1907
5099
2648
5083
3678
2051
916
1487
4624
5301
3583
4034
6603
2750
2043
5160
908
2953
859
2610
1839
914
4653
3318
2287
2210
3724
4776
6726
1804
2902
4609
5602
2144
4456
5216
2039
2929
3495
912
5780
677
5260
1485
3688
6255
1662
4834
6629
6424
6127
4715
5746
2955
6716
981
5640
4036
2597
2959
4848
5961
5924
2129
3507
1215
4589
99
4670
1569
1418
5335
5883
4308
6577
1321
2550
5650
6605
3266
3387
4193
6782
5296
4454
5189
3956
5670
5885
6011
1475
896
5737
6842
4462
3058
3604
4517
2410
6880
2428
1689
871
5872
5869
2107
2630
1518
3627
3190
5997
666
3440
6066
5474
596
1671
2730
707
726
1858
3439
3638
6609
303
2544
990
5074
819
6469
6620
6921
2917
2996
119
3030
6298
792
955
4001
5726
5559
679
1290
6769
2132
4600
1006
3789
717
762
232
5705
1817
4951
2959
5238
3226
1149
5189
1375
4394
5503
417
4162
393
742
5419
4211
3100
5280
385
3751
5944
3820
5206
2234
2315
5487
3021
2986
3892
5346
1506
4249
2086
4993
4241
4094
377
5917
2173
1381
5465
2875
2139
1211
4901
3988
52
5651
737
2979
2551
755
2292
5562
452
2327
4315
3805
4066
2813
4196
1892
4778
2024
3380
3822
3225
2910
5218
4905
3794
5802
41
2219
2714
2330
5226
4972
666
3457
3624
3513
49
3687
1482
1747
1263
4100
5004
3678
2651
5496
5422
2355
1422
4359
1924
574
5222
405
468
144
2692
4014
379
2174
4446
5857
4168
912
1534
4975
192
435
3521
3185
5864
1208
1400
2896
1518
498
2010
1723
5089
76
4224
1972
612
465
3880
3283
143
1538
372
3841
1998
292
5096
3423
3728
5199
3807
5325
4185
1664
5349
531
3040
4039
5006
5179
1842
2954
2847
5540
4045
5697
2112
4625
5062
631
5136
3544
2420
1199
2592
2820
802
4157
3383
4164
3617
1513
2876
5625
947
4720
4640
1772
5137
3282
754
4325
2663
2741
4360
325
4124
1741
5945
4273
1581
4309
1361
3080
5386
3398
5847
730
3099
4608
1851
559
2184
4629
1711
4915
1839
3628
2012
857
1666
4239
4797
3011
5143
1933
3425
2699
3078
361
3821
62
3855
4969
5112
5180
2993
2279
3518
5492
3908
1838
3167
4544
3120
4252
2810
1060
1139
2639
650
600
421
3067
4492
1753
34
4637
1651
3107
2974
2948
2809
3275
1702
3992
5702
1005
1107
5967
4219
1899
1350
2650
5514
2980
446
2594
2764
2871
1147
2848
3932
3753
4852
323
1754
339
4546
701
778
3986
4018
1846
2786
4934
3943
4888
1567
483
5670
2833
5856
82
5257
2026
4561
2237
2808
3666
5759
1235
3559
4534
4609
4850
3393
3557
3168
3779
4247
1282
921
4292
2613
2843
2870
5689
4940
2767
5173
2041
4141
874
4977
3729
5013
4370
5826
222
2673
2364
5974
2230
4664
2168
5138
2607
5275
1283
5563
4016
5633
4380
2243
2869
3381
3129
1678
2395
3576
4183
3333
924
2597
347
122
1690
1617
1308
1428
3085
27
2319
2914
2348
5726
967
5264
3175
489
4278
3352
4732
1970
3122
5081
2577
2227
2185
4700
396
2239
3916
5530
2693
3180
1163
92
3465
939
413
2221
4597
1419
970
3096
1582
5056
3833
1688
2544
1923
5232
349
5162
3970
916
4464
4569
5267
3526
558
5400
4105
5645
3962
1122
3473
3296
4635
3268
5326
3940
4398
2660
1600
5070
1884
3618
119
3307
1535
5635
2760
5320
1679
2233
3369
4163
183
1683
3883
3955
1393
3450
5898
4873
5026
4867
4441
2050
3961
621
1307
2492
3005
2272
3496
4806
2720
205
3644
1910
1642
4209
2798
1280
2452
5526
2132
5225
3195
5819
2116
1435
69
2759
2779
3653
5178
5091
3358
1132
3942
3053
4577
5463
4025
1441
4154
4964
4731
4876
1536
1298
3417
1194
2029
4272
262
1629
2596
2170
3397
5410
4898
3934
5787
4222
818
5067
5893
5098
1234
5287
2332
4465
4926
133
2002
3759
3507
2157
3920
644
563
5239
5585
5491
4612
5941
332
3725
2853
1695
3796
4543
4999
3214
75
4372
713
5150
5589
826
4613
1112
3528
4237
1169
5476
3545
5762
2690
5928
2214
5547
4641
4355
723
238
5878
1623
466
5752
5456
5084
3112
369
2559
4149
541
3077
1287
5861
1882
5593
5111
546
3676
5450
5567
4520
1068
1299
964
2121
3769
716
2828
25
263
2143
2407
2414
2783
1652
3971
1062
3151
3595
1410
2488
1606
1352
5134
1960
4392
3694
793
5543
767
5564
1783
4170
4340
3664
1962
1789
1397
848
261
698
2510
1052
5502
2352
1143
4455
4470
2028
3028
476
5692
3989
5485
4925
1616
4565
2990
4153
3907
5480
720
2058
1604
2055
131
5191
5565
1795
5920
2583
3165
902
4128
368
1093
2604
3444
4147
2207
3323
327
933
835
2247
3712
1660
5607
3542
1559
270
1116
5080
4169
1874
4581
3541
1073
1171
5388
1029
5506
1691
3477
5486
440
4101
1715
2397
4263
1136
5558
5860
2043
3058
3889
1784
2486
5293
1508
4207
4838
4008
2218
1470
4952
1510
71
13
3941
5244
2585
87
1164
4919
1300
5902
4966
4716
5454
4705
4261
391
247
4225
5654
1889
3812
2213
5237
691
5382
5788
3294
3531
2578
4606
2637
5223
4736
2375
922
5677
1721
3569
3118
5282
1943
5052
4474
467
2903
1653
3720
2727
771
2381
4351
1770
1811
154
1264
5823
3585
4329
688
203
4507
4666
1862
519
1540
3631
1297
5713
1891
4449
2593
5579
2706
3499
3674
2523
4368
189
436
202
989
5733
1288
5258
1973
5904
125
2351
3702
1848
2824
1184
3877
2747
2462
5219
5938
2956
2251
2284
4472
992
3147
5866
969
4558
2822
1908
1971
5381
5533
3396
2378
1860
2453
3612
4007
1371
5812
4178
2075
5779
2529
5078
5877
1757
658
330
504
1896
775
1894
4600
5155
3179
2231
5744
5879
5596
513
4638
4266
5261
4067
1638
293
3386
1378
2179
1722
792
656
2923
5522
3142
3019
2642
3825
5177
5658
2326
2738
2882
4663
4895
1413
4479
851
1458
5471
4990
5235
5751
1952
5803
2367
4374
2725
5076
1175
5197
4024
1573
4506
1834
4332
3013
2982
5316
2423
3348
5364
1796
3083
4858
5940
1296
2947
664
3864
5754
917
2460
3650
588
1942
5664
1258
2398
2489
4223
4899
5247
2612
1261
1173
182
2823
1155
2250
1157
195
5214
1546
4662
4433
710
1728
978
5991
5609
1979
2834
5775
1945
632
1214
3421
4953
5777
283
4773
5286
5228
1646
3206
2768
4401
617
2835
3394
239
1703
56
3459
4607
3654
1387
3295
5953
1191
3031
5535
2228
2634
1237
1188
337
1618
5994
3130
806
5829
1197
1843
2061
121
4064
859
3343
3439
1494
4815
4962
2361
1217
153
2800
2485
5068
3280
648
1478
4829
4391
4442
4872
5873
3858
5571
2791
1178
2259
668
4549
3259
1377
66
4603
1033
3407
1661
5334
1888
4202
2036
1565
1399
4098
427
2984
3310
2042
141
1013
3866
4011
4789
5813
1630
5290
5246
479
5637
5890
2442
915
2070
2541
3567
708
4116
2963
5398
4388
2329
4774
4760
2815
3091
4596
3852
1444
4135
1671
3258
4416
1626
1883
4780
3604
5375
4693
3448
5368
750
4680
8
1727
4501
5639
3018
5475
2832
2548
359
4127
3337
2283
4284
897
108
282
151
1040
5649
1346
4099
2563
1286
507
1512
4423
4768
4082
1610
1955
3430
1658
5771
1730
4803
2459
1133
4715
2774
3384
1212
2426
5766
1694
4742
3263
5437
5895
1584
4893
1433
1594
3921
5301
1017
5675
3322
4403
4644
3079
5340
4454
4723
5209
5119
5391
1089
184
3636
3540
4478
605
5291
3024
760
3648
5891
2894
83
3707
2945
1423
5720
630
5957
1189
1479
4995
4279
1729
1893
2985
2509
3742
1516
938
3963
681
1179
2777
660
2449
4759
2898
2611
661
637
2907
4928
5896
5205
2785
678
5216
484
3304
3338
697
5907
230
475
3252
1496
981
3482
625
4817
3456
5952
5103
1070
2197
1895
5008
4801
4288
5874
4753
5721
2096
3615
2605
3196
1905
1469
5372
2643
805
2158
4794
4555
3038
5933
4675
4892
3249
2838
5433
3795
3609
2077
2113
1103
3766
2667
2742
4896
315
3124
959
977
673
4765
4070
850
879
136
2382
191
1357
2074
2681
3788
4992
5035
1320
3009
3489
1663
5175
4344
3082
420
5569
3959
3183
1919
1285
1639
2103
5409
4988
4936
3515
1305
3611
3345
4299
4984
4614
3054
5030
4667
1278
86
5213
4821
3972
115
2316
2701
1940
928
3452
181
2199
3256
5903
4559
3561
5983
5497
61
2098
570
4630
3347
756
3000
4253
1354
5869
5385
4877
2180
1268
1799
2652
3584
3538
4443
1771
5727
5248
3184
1937
1425
2114
2922
1247
642
1316
5859
1090
236
1886
2787
2391
458
3046
3211
4935
4530
5193
1432
2434
4499
1272
3701
4418
4384
987
5147
2817
67
2060
2672
738
5018
3095
2895
175
5174
5629
3982
3317
2124
2625
5107
4075
535
1080
1902
5279
3867
1974
5069
496
816
3224
5836
2049
2971
3284
3351
4575
1785
1680
2301
2104
4853
3382
907
229
5231
3429
4880
3084
2392
5986
1351
172
3255
633
5444
4203
5515
1337
4497
371
390
4647
3754
3416
2943
3432
5711
4906
891
1141
1925
2480
412
2277
4571
4480
3578
3818
4439
5431
3059
2636
5438
817
3443
3771
5421
2997
2819
2447
2780
5575
3128
4006
2950
3478
1338
4036
3109
2694
966
5445
3591
1692
5424
4521
2432
1102
2755
59
5646
2872
1081
4214
5947
883
267
1023
4412
2507
5358
3783
5590
4216
273
4190
2310
905
5556
610
4410
2212
3108
4712
1684
4910
629
568
5616
796
2680
1415
1704
4180
1530
1039
198
5764
580
4295
2915
1580
5681
4755
3649
5482
4916
3376
1588
538
5204
3098
842
2090
38
831
5357
2171
3114
3564
157
1871
5557
3622
295
3233
1306
3519
1113
4743
2022
3536
4346
5794
3791
30
872
838
375
3682
2161
753
2418
1020
5929
486
801
1985
4728
4557
4974
3912
4791
3969
2620
550
3762
539
2187
4307
73
763
2282
208
5966
4833
4568
3966
4438
5959
1558
2313
3747
4
3163
70
636
860
2677
3313
3445
3127
824
1004
3750
5732
4230
2615
2574
2267
2263
425
2260
2470
1153
5083
5999
4146
577
1865
3874
5378
4848
1198
4257
5641
4735
998
4757
3563
329
5441
641
4026
342
2045
4622
3659
4435
5516
2229
615
4385
5630
4245
3808
491
2379
2893
1957
4090
2930
171
3390
4046
4810
1467
4684
217
1172
1077
2274
4238
2044
2444
2769
2661
5452
2657
1349
4808
1574
455
2576
3001
689
5937
692
4528
503
3974
2107
5527
5426
5449
3983
909
5595
5867
745
3663
582
5666
1304
3708
4081
5817
5327
140
4922
4457
3239
84
2744
5501
5208
2324
4232
3514
2172
3116
4673
4145
5308
201
3740
506
3817
2906
4690
2944
620
326
3502
3787
5714
520
1875
335
4955
1571
454
2879
1816
3973
5680
120
3923
2288
4783
5064
2134
4634
3227
1332
3197
5250
5518
16
2429
374
3910
960
2921
307
2402
2403
2758
1105
2236
1170
4985
1386
5980
607
4080
4540
5369
5880
5324
5871
2266
2811
398
4917
3319
2937
1554
1124
803
5073
5830
2211
4488
2854
3995
2587
2293
1497
5755
2676
2370
3809
4077
1836
602
578
5644
968
2557
5139
5300
5810
4832
3776
653
2522
2335
2710
3231
5682
789
123
3346
2546
533
5027
2241
3558
5602
751
3830
2839
2852
4931
312
752
2977
80
1829
214
2393
798
4000
3061
352
4746
3173
5392
774
5688
530
457
5578
4062
2494
3583
1938
2048
105
3436
3378
809
4339
1541
3087
4483
2757
5767
3103
4156
4021
1854
4701
3886
5284
255
1547
5221
2461
2206
2662
583
1409
1765
4863
1008
2340
5312
2177
787
132
4091
5925
4902
5198
3774
4740
4447
3006
4518
3297
3831
3291
2208
3924
601
5549
4084
155
3815
460
2105
2751
1302
2567
4871
5599
449
5822
3293
4617
726
3657
447
3248
4946
3597
3070
2004
1710
3191
2362
545
2543
3412
5918
4345
4012
3074
4779
35
5272
5663
5055
1443
3570
4186
5545
2448
1277
1137
3389
5725
3936
2665
1310
478
3958
4711
1622
5695
5470
4305
1101
3309
2635
2942
169
5582
1049
5961
1548
252
5033
2715
3696
1406
4658
586
5965
3300
2941
705
4714
919
5521
4199
795
2702
2167
4686
5765
4277
1366
3153
2201
511
4187
1555
2101
794
522
4296
2864
4118
1275
1999
4434
22
3646
5092
1075
1096
5059
3498
234
3413
2374
1752
211
5489
4593
4605
281
4738
1461
74
21
2678
871
4400
152
3510
1119
5614
2458
3876
1949
993
3269
5529
2877
4818
2957
4023
4378
2493
3321
2428
297
2866
1647
5317
4682
3014
245
3780
1213
5352
490
1342
334
4044
1605
1697
2668
665
3781
3203
3123
1787
3550
521
1832
3367
3408
5848
1273
7
118
2966
841
5750
3661
1561
1868
5606
3462
3773
728
5498
5698
5781
1493
592
2421
5801
923
4572
4096
5
2802
501
3799
2040
3749
2312
2181
470
3775
2356
210
1454
1519
4333
2007
4298
3560
4939
4060
5800
4301
128
1929
3034
4578
5036
5268
2047
5632
5402
626
663
2572
3917
4556
4468
4741
4336
4057
4459
932
3171
1343
2065
534
2700
2998
3318
4828
1079
4376
2346
2772
5768
2232
2674
2476
5795
1831
1916
3922
459
2411
4428
1215
5912
3926
4920
2900
1686
5884
976
2011
2386
4173
5785
370
5531
2917
139
1010
2792
4545
1550
2616
3899
749
4551
4968
4861
423
2148
516
2482
1333
3727
5276
2685
4767
5943
3177
4835
1682
4943
4998
4140
3159
5240
1486
5728
930
5870
3601
2455
733
4033
418
4311
5729
3330
1981
5977
4491
2617
5126
2649
1465
1015
1633
5673
2624
5404
1861
1228
4513
4708
4227
1480
5831
3730
2469
1948
3853
584
1392
4539
2771
4462
249
1509
3360
3737
5948
3580
2205
2536
1323
890
4766
286
4615
3476
3172
5583
5016
112
5815
3782
5494
5256
2688
914
274
5544
2508
759
3036
2845
4591
2018
1336
3327
593
4032
1746
2115
1446
4885
4654
101
1072
2311
4890
3721
4957
3888
3055
1376
4942
251
3546
48
3722
3391
5668
4822
1134
2377
839
303
3948
2570
5169
1708
4661
4236
622
2547
1713
2396
4417
2500
5685
1279
1418
908
4923
4580
4421
3772
474
3228
2478
1252
5265
4537
2770
1975
2192
3669
898
1724
2679
2863
3431
1872
3741
3738
500
2405
1411
4271
727
1657
3234
4847
4592
5715
3220
3240
1225
33
1563
218
1699
3037
264
2287
1611
4348
1696
2524
2125
5976
2491
5307
4282
5832
317
4587
1953
453
2483
2464
4326
1083
4652
4260
5259
5834
346
1969
3076
5992
896
2003
215
2195
1761
3357
732
4967
4078
288
4079
2146
2137
3272
4897
54
3829
4350
5156
23
299
3680
4777
3535
1395
2880
5061
1414
1266
2670
5314
2825
4029
4509
1449
982
2765
5674
3621
4976
2443
700
2886
1385
557
5741
5242
3265
2653
387
1224
3593
319
5024
2890
2505
2269
5927
3968
5071
4466
3193
4242
5617
4825
1751
2273
598
1045
814
2887
400
5901
3980
2350
5318
4367
4248
2865
231
2851
4653
2610
3406
4286
3410
1750
2400
2724
5620
5756
3235
2972
4306
4846
1847
5306
2601
5142
1026
1002
2532
2063
4795
2965
1870
243
5570
1474
3086
5329
1484
5950
834
4456
1597
1568
4748
1464
3488
1672
4706
5643
1777
4005
5351
2827
2709
4570
4262
2415
2878
4117
4554
1314
829
2235
3860
3608
840
1714
5116
5167
1412
4085
4683
5049
5075
1167
2345
581
3400
1491
5384
462
2376
4408
3379
4160
1251
5774
32
4642
5835
2953
3863
4563
469
1887
3273
4192
4231
3870
3047
686
634
2995
403
5405
3689
3620
5659
3826
2735
4878
4107
2182
5109
2622
3466
2409
3051
213
4019
4645
1615
3404
5376
1807
1325
228
338
3629
4324
5841
5249
870
1128
2089
167
2621
3325
599
2468
3824
4349
2034
4981
3125
3956
1717
3901
156
1362
3056
1127
3814
790
1619
5195
1037
1844
3549
4547
4930
2952
2471
572
5691
4980
4265
5390
4775
3856
4620
1359
5996
4717
2904
424
5990
3746
885
1673
3645
4430
1654
3627
3354
2807
1665
3828
1927
5140
1576
4069
1176
3592
464
5342
3686
3801
1032
2406
2244
279
4560
188
5148
1295
1276
350
5203
2435
1431
4331
1394
4965
3640
2474
300
4338
2525
3786
4713
1382
2253
1226
3137
2466
618
5883
1743
3610
3229
1221
226
3160
4887
2341
4725
5748
4053
348
280
3713
1016
3237
4469
2687
2719
3161
3655
4490
2740
4598
985
306
4639
2194
1177
2733
2084
4300
110
2534
3111
5951
5807
10
2555
5054
3710
1706
5313
3946
5047
2123
2242
1110
3913
4194
4366
4102
2550
3909
4932
2520
4904
3454
4240
1790
3402
1719
223
2756
3630
4611
289
4234
2638
4104
224
4586
5572
3605
5988
4165
2240
2454
1989
5782
4599
1718
1100
988
1640
3895
4379
543
4585
5266
2552
690
5028
176
5289
1800
2773
2842
4514
5984
5852
2175
1125
5580
360
2286
5042
4086
2796
2540
2902
1477
5201
3524
4175
3919
3896
4097
51
4407
843
1253
414
4874
2338
2645
5660
823
240
1187
2794
3840
241
4108
4856
3504
4313
5309
4233
4473
1808
4721
1384
4541
5022
659
695
889
5538
3198
1644
1209
4729
2925
5634
3656
1609
887
456
4373
980
2723
5464
3435
5686
1003
2728
845
3
2931
5730
3711
3590
4432
1641
5840
1098
1579
2580
272
4431
5165
5876
1146
1732
5539
4688
9
1047
104
2176
5114
662
4226
5551
3768
4387
31
3217
3743
4013
1514
4963
4458
3530
5337
4553
1183
3798
2450
3474
2016
5679
649
487
5723
2321
367
2988
5145
2934
1526
892
703
4419
1290
3144
450
672
3135
4529
2295
2412
1734
682
401
3373
4201
1439
2083
941
1662
5034
1515
1196
5789
4533
2416
1201
344
178
1048
3277
4793
4947
3778
2276
2009
4043
5591
3784
1104
5168
430
5763
2265
4133
3363
3433
3748
2109
2336
322
4809
1668
1064
2430
1744
5374
5798
1947
616
5423
4859
5561
2766
1182
1944
4004
2371
1501
4110
1849
2472
5224
3471
1018
2899
913
3320
5669
5123
2130
1951
564
5818
973
651
4851
2268
3931
4308
5020
3102
5406
3387
852
2261
4681
1038
5963
3356
162
1450
3262
2857
3230
972
4177
2753
4924
899
4576
4109
2812
81
2035
529
4536
4862
5576
3938
4319
724
1398
5956
3274
3760
4769
5588
4734
2248
301
3266
3950
5519
4229
5207
3714
1636
867
3675
1591
781
5304
5758
5344
5160
5924
979
5252
1281
1590
14
206
3532
782
4452
779
5285
4590
5483
1775
3181
2868
1693
1822
5627
5322
3967
3984
2647
3990
517
5212
1057
2991
5105
828
354
613
830
3508
4132
2929
3245
5087
4651
275
836
4095
5742
1084
4072
2861
3997
5881
5273
518
2640
2805
5865
89
1405
4978
1106
624
2349
5854
685
3025
389
5792
3928
5820
2549
675
3891
3755
3832
4148
4566
1317
1997
888
1500
1421
1427
5778
1313
3890
2357
3485
5592
2951
4204
1791
4689
3911
1655
1815
3977
3953
5908
1416
3016
4668
3223
3015
4323
1827
1455
3500
26
4782
138
854
3527
1162
3484
971
4396
1996
975
4692
2631
3353
47
5097
4352
2308
4508
4445
4327
1621
502
2521
5769
100
3800
3845
3525
1650
1230
5737
2916
1670
1262
444
2498
4429
5149
5038
2504
3064
5211
4582
5005
2628
3364
5615
24
3349
2071
2441
1269
5594
5039
4796
544
3140
1319
2380
1014
3873
3790
3692
1259
4343
2932
5969
4626
2919
4255
1853
1864
5446
1007
2602
2037
2568
1158
438
1451
5700
1322
4695
2553
935
3885
2359
2106
445
945
4256
3023
3493
4166
1340
4093
2732
3709
5560
4522
608
704
4009
4328
2579
5418
3362
1126
4405
4450
5667
744
277
1369
4001
237
212
2858
1140
4386
657
5525
5029
5843
5459
2626
2484
3683
4179
1906
5393
1353
855
2591
3587
4761
1805
5971
3491
5057
1601
1674
777
4764
3898
4889
36
505
2829
683
160
1417
2511
190
956
1614
2289
1207
1869
3837
5274
524
5416
3437
4477
194
623
3306
2440
5821
5430
4655
3010
800
5584
1086
3641
1758
1560
2038
2413
3305
5524
268
1054
2598
4621
5315
2394
1031
3506
4941
5909
5554
5797
419
2032
2353
5046
114
1901
2967
4198
4745
4677
2850
3093
1926
5245
1585
5849
2712
1498
699
2290
2691
3736
1168
3679
1311
2154
4322
5269
2726
364
819
442
5796
5194
3451
4181
3101
227
4205
258
1788
1556
2497
929
5100
526
2589
4751
4259
2119
2427
1773
3647
886
2874
5862
4425
2746
3395
2099
2008
15
1036
209
5622
4414
1475
5341
3975
4364
5295
4115
5336
2762
712
2191
3066
439
3965
103
5968
4126
4950
5460
4883
481
5761
4849
3937
3215
2689
5436
707
5468
5458
1315
1318
395
2891
5335
5127
1607
5488
1055
1256
2969
3033
3276
5753
362
2730
5037
1203
2275
3929
1898
3164
180
2506
2305
2015
3600
4139
1823
1401
1218
1363
4758
3731
1044
5353
2920
5355
5323
2081
4619
126
2360
285
1667
3816
415
376
3752
1067
5597
1564
4788
2306
2020
3761
4505
485
1360
2516
3556
1025
974
1958
3329
1769
5512
1129
2436
769
3681
2342
2445
3552
1430
3951
3857
3461
3639
2496
1602
4022
3599
4679
3441
161
4886
1407
5166
5566
4267
4061
2389
1627
5647
736
5510
2294
4106
471
3638
2975
3480
2623
2618
4524
5587
5910
4114
1742
3088
4487
4937
5389
2331
399
2365
2385
2844
5330
5683
5850
5172
4389
4437
3964
1825
3169
3770
2994
3871
3469
2150
5672
5082
2296
5153
46
2325
3887
5010
2569
5435
250
5811
4151
643
3894
1830
5363
2337
5048
3862
5825
5773
5628
4961
1118
1367
1489
4726
356
1930
2495
4269
4287
5718
5065
3212
4028
4869
5053
943
1471
4112
5619
4548
3372
3232
2717
3375
856
3260
2849
1528
3131
1348
5298
3806
5655
4973
5964
1248
497
2210
2438
4020
4354
2477
5701
3582
3110
1635
2987
2056
4628
4041
186
1700
5932
1873
1598
2303
3562
3850
5063
3221
5921
5772
216
4122
3957
5161
4453
1681
722
5846
2285
645
942
1341
4318
5642
3945
5757
542
2165
3724
5548
1557
5623
4722
527
1840
2804
2722
1912
3534
773
5747
4123
3254
53
878
1403
4200
3303
4594
3568
4900
952
877
4770
2318
5684
2390
2964
4948
5094
5987
3878
411
1879
5656
5182
99
3208
5621
4699
4660
3121
4649
5930
2586
5394
3270
1968
2254
1358
1344
3264
5311
4991
4073
3904
3335
1738
2573
3872
2226
2238
1932
5270
1130
3933
40
2606
5359
4865
5461
1867
4174
1142
3625
3884
5467
2519
3603
2901
5776
1050
353
5302
3819
5184
12
220
3143
1992
4375
3999
1035
5537
2202
5671
768
2761
549
5338
2183
1487
2300
5542
3418
2005
2981
1936
4799
2069
2513
1524
5586
1583
3204
5154
4921
1355
4996
990
4971
3060
1595
3947
3200
2439
4820
2565
4037
667
833
5657
2085
4912
3875
3188
4137
3511
2641
314
1532
1123
875
2147
3529
290
1219
509
4475
1204
3134
4358
729
2372
4834
4875
310
3094
170
134
5844
1088
2051
4535
1241
380
3492
4979
4949
2698
4330
5350
1716
5574
4602
2704
734
4015
287
291
4042
5746
5230
864
1095
5709
679
1476
5546
2307
5333
3141
146
2059
2644
1689
111
3065
4631
3697
3565
862
5603
815
5108
5553
5555
79
2713
2057
5661
4451
1819
2619
4762
1504
5002
3633
4616
443
1121
4258
1238
1649
2648
4811
5415
4909
1612
2737
5636
72
5217
508
3242
1544
1731
4772
1232
1990
4131
3289
4218
4656
4002
5982
5305
1011
382
1994
674
4982
4763
5550
3302
4290
3869
1339
397
3301
2818
5532
718
957
266
2928
1967
5090
2223
4217
2225
294
4749
4511
4310
1587
5611
3017
4409
3577
4804
5923
3839
4316
5403
5979
670
5158
5440
5292
4517
5736
5131
2633
1570
3007
628
4399
1685
1852
3996
3623
39
4747
2862
5911
1824
2776
1599
1
5886
2095
2734
3253
2122
554
3247
2996
1656
1459
560
566
590
1024
514
4842
173
5072
2
3575
3918
3401
5113
407
2433
5887
2217
4669
4393
4404
2097
3158
3472
3516
3126
1066
3691
5012
2656
97
1114
2487
1533
5913
3844
4579
2846
402
4776
548
3763
4703
137
5505
3238
4802
1914
1993
260
2264
2581
4854
4960
1592
1078
308
3745
1485
2073
3355
4719
5263
3308
5220
2973
2144
3792
2705
820
3342
3069
1329
1144
2333
493
1056
5828
2955
606
2927
3332
1922
98
1242
2019
2001
2118
5500
2632
3935
3146
3925
4076
684
3026
5135
4383
5791
2909
5915
3178
4088
4220
2278
4718
5360
525
2053
2309
3539
1239
4289
3241
5731
1876
5133
2021
5559
2999
4918
3281
5417
5842
384
764
1634
3434
4685
1756
5288
2533
1507
2473
748
1091
2437
5648
3813
655
441
2924
1709
5031
1737
1961
2404
2503
3003
1569
3586
2743
3218
5799
1202
3041
1566
1434
4381
2323
2451
5998
1499
5229
4356
5985
906
5693
5699
1645
1424
3092
3199
5806
2368
1180
1120
1021
1866
2889
3438
3626
5875
127
893
1046
2383
4604
2141
5009
5396
3665
2600
1920
1802
5678
2006
3838
5328
5356
5598
876
1374
5922
5509
5262
5099
2317
1625
42
5188
1148
1525
1058
2888
386
113
4855
107
1890
5371
3859
1701
3361
3981
3251
3133
3842
3334
2603
903
4676
4526
5690
5185
320
1575
429
5845
5253
1236
2066
1192
4040
3422
3854
434
2431
5379
5128
365
5481
1806
5926
958
2718
3189
5919
257
4461
994
64
3032
5407
1270
5770
640
4564
3574
1165
1289
2526
3846
3793
791
3176
5163
2752
3187
4361
88
5339
3136
1628
5851
1356
4826
2164
2908
2545
94
3246
5958
3765
313
4672
5814
1210
366
646
3868
5236
1745
2256
950
1284
244
5523
4184
2271
2446
4193
5015
2683
1705
2855
3719
29
4280
1330
3278
3594
2501
2590
2884
5706
821
2270
106
5104
1779
3326
1097
5348
3368
5345
3606
4052
2160
785
849
1291
5872
671
5604
2781
2582
4463
4422
3359
920
4944
2262
1472
5294
4034
2970
3202
488
19
2976
5906
5186
595
3063
2542
3616
5805
5568
77
783
5455
17
3662
5612
4831
1255
1928
5885
3537
5517
3690
494
940
2186
5507
3331
200
4083
1624
4121
2314
1429
2918
4152
4519
4293
603
2499
3843
2571
4444
3117
428
4027
5121
451
2076
2666
3374
3976
2166
3460
196
1521
1193
5624
4159
492
3847
3012
2729
4843
5739
2298
1390
3328
4659
4092
422
2224
3767
4303
2196
4879
1983
1243
1803
3685
2778
4841
1904
4142
1855
2013
1733
3739
4730
735
4510
5600
589
709
991
5541
5283
269
278
5894
4983
5735
2584
780
3554
4627
3881
5122
2457
2856
5451
528
1589
1085
1648
3071
3050
540
2291
158
1436
3573
4035
3324
2347
4335
1939
1578
1321
406
5808
2401
5469
638
3279
4805
5399
4650
248
1608
858
3979
4334
3733
5373
3523
1265
995
473
1094
882
4371
4987
5790
4562
2481
4482
5626
1781
2203
3339
827
4583
1603
832
4420
2145
3470
2517
4317
3020
3138
4047
2163
949
2014
2152
177
5577
5074
1456
965
614
2938
4844
1959
1988
4362
2204
5003
702
1954
4623
5650
4188
5362
199
5125
788
5365
4785
5749
1813
3449
3261
931
951
2860
4864
4595
983
4302
3486
1028
714
1763
1370
3614
1347
1379
284
3672
2940
1978
5734
2344
1065
185
4819
5060
3658
4836
2399
302
4687
715